

K=2000
p=0.900000
LS: 8.2198e-04 8.2198e-04 8.2198e-04 6.1249e-10
LUD: 6.0854e-04 6.0854e-04 6.0854e-04 1.7949e-10p=0.700000
LS: 1.6257e-03 1.6257e-03 1.6257e-03 9.9874e-10
LUD: 6.0837e-04 6.0837e-04 6.0837e-04 6.2938e-10p=0.500000
LS: 3.9718e-03 3.9717e-03 3.9718e-03 6.9455e-09
LUD: 6.0878e-04 6.0878e-04 6.0878e-04 5.3279e-10p=0.300000
LS: 1.3530e-02 1.3530e-02 1.3530e-02 6.2819e-08
LUD: 6.1016e-04 6.1016e-04 6.1016e-04 8.0259e-10p=0.100000
